–°–∏–º–≤–æ–ª–ß–∞—Å—Ç–æ—Ç–∞–ö–æ–¥
          140       000
o         77        001
e         76        0100
n         64        0101
t         61        0110
i         59        0111
a         51        1000
h         40        10010
s         40        10011
d         37        1010
r         33        10110
c         30        10111
l         28        11000
u         18        11001
g         16        110100
f         15        110101
m         15        110110
p         12        110111
w         12        111000
b         11        111001
,         7         1110100
S         6         1110101
.         5         1110110
F         4         11101110
‚         3         111011110
x         3         111011111
y         3         11110000
(         3         11110001
)         3         11110010
v         3         11110011
k         3         11110100
T         3         11110101
E         3         11110110
I         2         111101110
Ä         2         111101111
ì         2         11111000
q         2         111110010
H         2         111110011
C         2         111110100
'         2         111110101
"         2         111110110
1         2         111110111
-         2         111111000
;         1         111111001
à         1         1111110100
í         1         1111110101
P         1         1111110110
A         1         1111110111
M         1         111111100
9         1         1111111010
4         1         1111111011
8         1         1111111100
R         1         1111111101
[         1         1111111110
]         1         1111111111
